%YAML:1.0
cam_K: !!opencv-matrix
   rows: 3
   cols: 3
   dt: d
   data: [ 8.6432587074154446e+02, 0., 3.9327709549742434e+02, 0.,
       8.7819538765111020e+02, 2.1420779015248297e+02, 0., 0., 1. ]
cam_kc: !!opencv-matrix
   rows: 1
   cols: 5
   dt: d
   data: [ 1.4531174972070751e-01, 2.9514719955867807e+00,
       -1.8678401165339486e-02, 3.6802473350066291e-02, 0. ]
proj_K: !!opencv-matrix
   rows: 3
   cols: 3
   dt: d
   data: [ 8.0471618833098196e-02, 0., 1.0103717110242072e+00, 0.,
       1.6853192099639438e+02, 1.6237475166754473e+02, 0., 0., 1. ]
proj_kc: !!opencv-matrix
   rows: 1
   cols: 5
   dt: d
   data: [ 5.5743560915108840e-02, -9.6784672597483514e-05,
       1.5948220991820767e-02, 5.3684140109350499e-02, 0. ]
R: !!opencv-matrix
   rows: 3
   cols: 3
   dt: d
   data: [ 8.9626458760363814e-01, -3.3747830741250817e-01,
       -2.8778148139459747e-01, 3.8300288811459315e-01,
       2.6173064490956072e-01, 8.8589268944444155e-01,
       -2.2364833266438819e-01, -9.0421538448602712e-01,
       3.6383507493811684e-01 ]
T: !!opencv-matrix
   rows: 3
   cols: 1
   dt: d
   data: [ -2.2057053769644149e+03, -8.8124033559002442e+02,
       -1.8472343983808517e+02 ]
cam_error: 8.9405332874917942e-01
proj_error: 1.7296288425432223e+02
stereo_error: 1.2164733938843477e+02
